45250
54112
54386
44529
50291
47631
53742
16110
34091
51724
33267
32364
55440
51604
49333
13492
55796
27900
26947
53927
29799
26404
58275
61415
62564
26545
58331
49470
51627
47388
23035
16149
2000
24127
13904
54861
53517
25320
24208
53587
60464
47572
45438
61700
49914
55563
54430
27738
54228
42424
48652
11081
51569
57264
51020
36990
56251
53837
63378
53798
53588
24925
30275
27326
47346
14995
44112
44918
37067
38836
17223
40544
23600
13216
53330
53429
58059
18289
43276
61339
63061
29831
43401
58643
29731
33461
58077
19643
55206
11529
50757
49560
56219
17013
25705
11070
10293
55038
57781
58221
46246
55917
29830
62359
26655
27167
53589
5985
62211
63464
39312
31013
55448
55157
49354
47784
15066
32235
59189
61438
30213
29137
49836
25671
51458
55915
53552
11657
36546
25074
18783
12457
36573
41842
30903
25687
20738
28212
55139
17317
28929
22975
56451
47184
12500
58484
41337
13608
14311
58713
14318
31633
17341
62952
52597
50027
51721
44358
30175
49149
29640
37095
57675
15115
61851
29576
42727
55916
22909
48091
17974
46496
53718
49259
61361
8870
50437
43432
22899
56051
45836
13507
53405
29706
48081
23957
47057
58865
18005
56770
61244
47287
60675
16961
46265
29610
52795
62356
58545
26756
28978
12274
27121
33227
39579
28106
63412
16413
41106
29803
56301
30535
48954
50430
34565
29014
60748
44120
30280
42321
52469
26771
59686
61189
20029
5201
5877
28542
10262
51029
39113
28592
44305
26284
26231
10825
60927
40420
31707
15725
57648
40358
61887
57225
22092
20855
52837
24802
25317
49359
27695
23206
56452
55514
51870
49756
17443
34731
37637
57828
49418
15027
52262
16201
36453
59629
25054
17430
42065
45837
60198
15421
57960
40724
15334
45508
27757
31464
29901
24917
19496
26929
45945
31544
28408
40595
42642
48651
53743
47768
53413
21144
10261
5879
15531
62840
56283
45831
39209
2367
28430
30425
55812
39444
33885
22065
31465
41161
21651
41789
45833
53741
59539
25255
45834
29061
14307
14235
51130
62627
53003
15206
59879
50365
36805
54064
6528
46000
63328
52682
40182
61739
53294
53947
31066
57505
5880
20159
16132
52894
43493
13519
42440
46182
21906
59797
9890
35882
9895
62986
54120
11669
44309
21282
29078
25812
11663
50726
56047
49298
24031
28927
41575
63228
15633
57388
59154
25988
45835
61022
19898
44584
18723
60117
20930
16105
41884
61508
29677
55215
59244
13210
57303
14796
53207
62785
49013
39948
24250
48302
17406
36318
21143
56624
52502
14765
30986
39613
51450
52499
60884
16119
21831
13479
61202
18157
16670
37139
53436
53185
56044
61874
63402
15127
38885
27100
9980
54423
52595
63414
26845
56010
10255
23239
32315
60510
47650
29920
20401
10821
12435
31613
58049
58103
36986
14795
20852
48092
26508
42023
45829
50492
60971
11071
49433
29511
23617
57035
53355
30716
38124
26078
59564
57955
54522
59852
40810
48857
52093
45151
42456
49280
29497
48944
12848
48946
17491
39647
16319
42323
35407
58375
48940
36253
14722
37747
53462
29663
39990
33809
10909
10228
13264
56454
60376
41746
61832
12276
15781
13458
27736
43400
49660
26028
14944
58916
18228
5881
51019
62926
14236
19106
47092
55616
30053
40827
51689
25807
31541
57590
29301
61465
51858
57982
43030
53930
57261
24988
54436
43861
24466
16059
320
12275
24823
57550
16082
62984
53590
60284
57654
58298
25956
47584
43950
45171
59492
11302
48903
28904
12502
42376
39446
16109
63424
54285
27048
20011
43017
12840
15054
25640
18798
19847
53171
27034
48783
33406
41853
52857
26506
27035
63359
30122
53131
14329
62691
29703
62870
18166
31637
63101
45832
16625
58194
49437
36940
10236
38814
48670
54934
31724
49413
54521
63509
62201
46279
35905
57448
28281
29506
50526
43033
49258
18784
61831
33690
30052
27064
12368
63030
39947
46201
47103
60210
39930
42705
5878
18580
17340
58261
10814
62559
28002
27214
11047
25777
49417
61917
26314
49376
51465
63413
15353
10506
52050
15046
63019
7109
52392
33275
26983
55058
12627
54791
52036
59631
15757
62850
45770
50126
18600
29770
62450
45180
47052
54471
54283
58425
60634
28967
53867
12501
61573
55480
62019
14839
46196
44512
37590
62475
23236
1619
58910
55882
62361
33474
40066
48093
49388
27295
53421
60137
16372
12503
30892
57263
24801
16484
48945
37382
50351
10822
44173
17338
14308
48654
51711
36558
54282
50341
19543
45830
62711
56519
49063
17073
13516
29105
46771
20099
59925
24536
60147
45183
24601
11598
